934982182421022123
338441362417022123
531367192309022323
300728362308022323
121341262302022323
168643172357022223
856270422346022223
815191532329022223
288476372328022223
652353142313022223
373701482311022223
388232302305022223
337624012358022023
994102502353022023
974289512306020123
665014282301020123
855438182355020023
503386232353020023
976333382349020023
074574572346020023
690844122330020023
085341362310020023
917898582307020023
362426192248022323
495164502207021923
184943052247021723
887251482200021723
427719042225021423
216909302207021323
165949522207020023
505561482143022323
493129402141022323
626653342159022223
180040292154022223
794775472124022223
976102292156022123
635804152021022323
995980572020022323
713844062017022323
372211352013022323
376234462001022323
662318252001022323
589770022041022223
740353402034022223
905414082031022223
792785222030022223
496015272023022223
211295422019022223
352942062000022223
692534592057022123
460276392052022123
224711342020022123
873112182019022123
455771592017022123
439315022011022123
187924382009022123
502453242006022123
161603372003022123
166215341859022123
280164401821021723
947806241820021723
534034401816021723
083322501854020223
567815491842020223
950082401830020223
129869371818020223
255712281805020223
969549191848020123
451114181837020123
159335551822020123
266963381806020123
774625321823020023
240511151821020023
996433401817020023
323940161800020023
358054471759022323
065774401747022323
871293521742022323
758715271742022323
956974071740022323
969611141720022323
867514251719022323
437610361718022223
219372291744022023
438554251730022023
750473311727022023
819313201722022023
065909431718022023
911413171707022023
044246331721021823
