083322501854020223
567815491842020223
950082401830020223
129869371818020223
255712281805020223
969549191848020123
451114181837020123
159335551822020123
266963381806020123
774625321823020023
240511151821020023
996433401817020023
323940161800020023
358054471759022323
065774401747022323
871293521742022323
758715271742022323
956974071740022323
969611141720022323
867514251719022323
437610361718022223
219372291744022023
438554251730022023
750473311727022023
819313201722022023
065909431718022023
911413171707022023
044246331721021823
